A1 
A2      22222   22222   22   22  222222  2222    22  22222222
A3     2211122  221122  221  221 2211111 22122   221  11221111
A4     22222221 221 221  22 2211 2222    221 22  221    221
A5     22111221 221 221  221221  22111   221  22 221    221
A6     221  221 2222211   22211  222222  221   22221    221
A7      11   11  11111     111    111111  11    1111     11
A8                               22222  222    22     2222
A9                                1122122122  2221   221111
A0                               222221221221  221   22222
AB                               221111221221  22121 221122
AC                               22222  222112222221  222211
AD                                11111  111  111111  1111
AE 
AF 
B1 
B2 
B3 
B4 
B5 
B6 
B7 
B8 
B9 
///
