A1 
A2      11111   11111   11   11  111111  1111    11  11111111
A3     11   11  11  11  11   11  11      11 11   11     11    
A4     1111111  11  11   11 11   1111    11  11  11     11 
A5     11   11  11  11   11 11   11      11   11 11     11 
A6     11   11  11111     111    111111  11    1111     11 
A7                                                         
A8                               11111  111    11     1111
A9                                  11 11 11  111    11    
A0                               11111 11 11   11    11111
AB                               11    11 11   11 1  11  11
AC                               11111  111  111111   1111  
AD                                                        
AE 
AF 
B1 
B2 
B3 
B4 
B5 
B6 
B7 
B8 
B9 
///
