A1 
A2      44444   44444   44   44  444444  4444    44  44444444
A3     4433344  443344  443  443 4433333 44344   443  33443333
A4     44444443 443 443  44 4433 4444    443 44  443    443
A5     44333443 443 443  443443  44333   443  44 443    443
A6     443  443 4444433   44433  444444  443   44443    443
A7      33   33  33333     333    333333  33    3333     33
A8                               44444  444    44     4444
A9                                3344344344  4443   443333
A0                               444443443443  443   44444
AB                               443333443443  44343 443344
AC                               44444  444334444443  444433
AD                                33333  333  333333  3333
AE 
AF 
B1 
B2 
B3 
B4 
B5 
B6 
B7 
B8 
B9 
///
