A1 
A2      33333   33333   33   33  333333  3333    33  33333333
A3     3322233  332233  332  332 3322222 33233   332  22332222
A4     33333332 332 332  33 3322 3333    332 33  332    332
A5     33222332 332 332  332332  33222   332  33 332    332
A6     332  332 3333322   33322  333333  332   33332    332
A7      22   22  22222     222    222222  22    2222     22
A8                               33333  333    33     3333
A9                                2233233233  3332   332222
A0                               333332332332  332   33333
AB                               332222332332  33232 332233
AC                               33333  333223333332  333322
AD                                22222  222  222222  2222
AE 
AF 
B1 
B2 
B3 
B4 
B5 
B6 
B7 
B8 
B9 
///
